function [lambda_nm, alpha_cm, n, k] = get_si_optical_data()
    lambda_nm = [	250	260	270	280	290	300	310	320	330	340	350	360	370	380	390	400	410	420	430	440	450	460	470	480	490	500	510	520	530	540	550	560	570	580	590	600	610	620	630	640	650	660	670	680	690	700	710	720	730	740	750	760	770	780	790	800	810	820	830	840	850	860	870	880	890	900	910	920	930	940	950	960	970	980	990	1000	1010	1020	1030	1040	1050	1060	1070	1080	1090	1100	1110	1120	1130	1140	1150	1160	1170	1180	1190	1200	1210	1220	1230	1240	1250	1260	1270	1280	1290	1300	1310	1320	1330	1340	1350	1360	1370	1380	1390	1400	1410	1420	1430	1440	1450	 ];
    alpha_cm = [	1.84E+06	1.97E+06	2.18E+06	2.36E+06	2.24E+06	1.73E+06	1.44E+06	1.28E+06	1.17E+06	1.09E+06	1.04E+06	1.02E+06	6.97E+05	2.93E+05	1.50E+05	9.52E+04	6.74E+04	5.00E+04	3.92E+04	3.11E+04	2.55E+04	2.10E+04	1.72E+04	1.48E+04	1.27E+04	1.11E+04	9.70E+03	8.80E+03	7.85E+03	7.05E+03	6.39E+03	5.78E+03	5.32E+03	4.88E+03	4.49E+03	4.14E+03	3.81E+03	3.52E+03	3.27E+03	3.04E+03	2.81E+03	2.58E+03	2.38E+03	2.21E+03	2.05E+03	1.90E+03	1.77E+03	1.66E+03	1.54E+03	1.42E+03	1.30E+03	1.19E+03	1.10E+03	1.01E+03	9.28E+02	8.50E+02	7.75E+02	7.07E+02	6.47E+02	5.91E+02	5.35E+02	4.80E+02	4.32E+02	3.83E+02	3.43E+02	3.06E+02	2.72E+02	2.40E+02	2.10E+02	1.83E+02	1.57E+02	1.34E+02	1.14E+02	9.59E+01	7.92E+01	6.40E+01	5.11E+01	3.99E+01	3.02E+01	2.26E+01	1.63E+01	1.11E+01	8.00E+00	6.20E+00	4.70E+00	3.50E+00	2.70E+00	2.00E+00	1.50E+00	1.00E+00	6.80E-01	4.20E-01	2.20E-01	6.50E-02	3.60E-02	2.20E-02	1.30E-02	8.20E-03	4.70E-03	2.40E-03	1.00E-03	3.60E-04	2.00E-04	1.20E-04	7.10E-05	4.50E-05	2.70E-05	1.60E-05	8.00E-06	3.50E-06	1.70E-06	1.00E-06	6.70E-07	4.50E-07	2.50E-07	2.00E-07	1.50E-07	8.50E-08	7.70E-08	4.20E-08	3.20E-08	];
    n = [	1.694	1.800	2.129	3.052	4.426	5.055	5.074	5.102	5.179	5.293	5.483	6.014	6.863	6.548	5.976	5.587	5.305	5.091	4.925	4.793	4.676	4.577	4.491	4.416	4.348	4.293	4.239	4.192	4.150	4.110	4.077	4.044	4.015	3.986	3.962	3.939	3.916	3.895	3.879	3.861	3.844	3.830	3.815	3.800	3.787	3.774	3.762	3.751	3.741	3.732	3.723	3.714	3.705	3.696	3.688	3.681	3.674	3.668	3.662	3.656	3.650	3.644	3.638	3.632	3.626	3.620	3.614	3.608	3.602	3.597	3.592	3.587	3.582	3.578	3.574	3.570	3.566	3.563	3.560	3.557	3.554	3.551	3.548	3.546	3.544	3.541	3.539	3.537	3.534	3.532	3.530	3.528	3.526	3.524	3.522	3.520	3.528	3.516	3.515	3.513	3.511	3.510	3.508	3.507	3.506	3.504	3.503	3.501	3.500	3.498	3.497	3.496	3.495	3.493	3.492	3.491	3.490	3.489	3.488	3.487	3.486	 ];
    k = [	3.666	4.072	4.690	5.258	5.160	4.128	3.559	3.269	3.085	2.951	2.904	2.912	2.051	0.885	0.465	0.303	0.220	0.167	0.134	0.109	0.091	0.077	0.064	0.057	0.050	0.045	0.039	0.036	0.033	0.030	0.028	0.026	0.024	0.023	0.021	0.020	0.018	0.017	0.016	0.015	0.015	0.014	0.013	0.012	0.011	0.011	0.011	0.010	0.009	0.008	0.008	0.007	0.007	0.006	0.006	0.005	0.005	0.005	0.004	0.004	0.004	0.003	0.003	0.003	0.002	0.002	0.002	0.002	0.002	0.001	0.001	0.001	0.001	0.001	0.001	0.001	0	0	0	0	0	0	0	0	0	0	0	0	0	0	0	0	0	0	0	0	0	0	0	0	0	0	0	0	0	0	0	0	0	0	0	0	0	0	0	0	0	0	0	0	0	 ];
end